0.000000000000000000e+00 2.220000000000000000e+02 7.873809535939999478e+02
1.000000000000000000e+00 2.180000000000000000e+02 2.343760266090000187e+03
2.000000000000000000e+00 2.130000000000000000e+02 3.876568291590000172e+03
3.000000000000000000e+00 2.090000000000000000e+02 5.386028746089999913e+03
4.000000000000000000e+00 2.050000000000000000e+02 6.872334793590000118e+03
5.000000000000000000e+00 2.000000000000000000e+02 8.335649046090000411e+03
6.000000000000000000e+00 1.960000000000000000e+02 9.776103563590000704e+03
7.000000000000000000e+00 1.920000000000000000e+02 1.119379985409999972e+04
8.000000000000000000e+00 1.880000000000000000e+02 1.258880887360000088e+04
9.000000000000000000e+00 1.830000000000000000e+02 1.396117102610000074e+04
1.000000000000000000e+01 1.790000000000000000e+02 1.531089616360000036e+04
1.100000000000000000e+01 1.750000000000000000e+02 1.663796358609999879e+04
1.200000000000000000e+01 1.700000000000000000e+02 1.794232204160000038e+04
1.300000000000000000e+01 1.660000000000000000e+02 1.922388972609999837e+04
1.400000000000000000e+01 1.620000000000000000e+02 2.048255428359999860e+04
1.500000000000000000e+01 1.570000000000000000e+02 2.171817280609999943e+04
1.600000000000000000e+01 1.530000000000000000e+02 2.293057183359999908e+04
1.700000000000000000e+01 1.480000000000000000e+02 2.411954735409999921e+04
1.800000000000000000e+01 1.430000000000000000e+02 2.528486480360000132e+04
1.900000000000000000e+01 1.380000000000000000e+02 2.642625906609999947e+04
2.000000000000000000e+01 1.340000000000000000e+02 2.754343447359999846e+04
2.100000000000000000e+01 1.290000000000000000e+02 2.863606480609999926e+04
2.200000000000000000e+01 1.240000000000000000e+02 2.970379329159999907e+04
2.300000000000000000e+01 1.180000000000000000e+02 3.074623260609999852e+04
2.400000000000000000e+01 1.130000000000000000e+02 3.176296487360000174e+04
2.500000000000000000e+01 1.080000000000000000e+02 3.275354166610000175e+04
2.600000000000000000e+01 1.020000000000000000e+02 3.371748400360000232e+04
2.700000000000000000e+01 9.600000000000000000e+01 3.465428235410000343e+04
2.800000000000000000e+01 9.000000000000000000e+01 3.556339663360000122e+04
2.900000000000000000e+01 8.400000000000000000e+01 3.644425620609999896e+04
3.000000000000000000e+01 7.700000000000000000e+01 3.729625988360000338e+04
3.100000000000000000e+01 7.000000000000000000e+01 3.811877592610000283e+04
3.200000000000000000e+01 6.300000000000000000e+01 3.891114204159999645e+04
3.300000000000000000e+01 5.500000000000000000e+01 3.967266538610000134e+04
3.400000000000000000e+01 4.500000000000000000e+01 4.040262256360000174e+04
3.500000000000000000e+01 3.400000000000000000e+01 4.110025962609999988e+04
3.600000000000000000e+01 1.900000000000000000e+01 4.176479207360000146e+04
